200
-641922905013753453
-2316104536372700696
-2204493870394275185
-4610410255276870849
-3203127643791455524
-1099816128737771262
2059433113498858477
-2862367258817305991
-3284042704945134471
-2939546069561160055
-1134094405363344720
3195693260145155016
3125307109623974516
3836077979238074058
-2891123786036790104
119696756509381927
-4312682222575971027
-2492221241157699395
-2490081690034635285
-2681608881268359952
1526477533068203626
4352097806411032162
2161985578401578573
-3485651699808776091
3654951720626985839
-582128898348018157
2486840666565897733
966905370962806509
-3464437693962801597
1606352444010815081
4557959401154078617
941919174406237336
-1538806866657670861
-1250299090588141377
-1855446633040133177
-2220232780956469361
-1070925431703306173
-2488293493335099530
-1624160669833249007
949025779602896657
1324935399297004750
3046247657446730973
-2449490680432751697
-4003452282677132875
394270246005470309
-891200617181433515
3432360744311381400
2316522214359647609
818709786613520270
-3131365853377103576
185504326143890551
388081973719130290
-3484868677361354085
-2923221324855358251
-1983128426681157678
1614294276023926917
-1098320400996604651
2557497977982569191
1259164362122552323
-3462830498111316029
-1740190302046035362
-550859296778553246
-2921372238124233467
4509964647163874183
756971233774263159
4414062010070610571
221499790794510817
2156309887167888856
2439260196133382388
1371051370527221104
-2209468977834208072
186925520268098350
3622289613267019188
-2318298176672920290
2494835584047777741
-3068371535488337611
-4208707627744293444
-859347421745763310
734564217299758502
1980581746270755418
694653916896170615
-3864881003022871467
-2929048658929376700
-3153032091212983909
465057416328176754
-1555522225380409105
-816531432357173106
-3008262260367979780
908050237763481340
4476201745161656961
-949705248762084772
4569895315332181324
3096113498145343686
-2471012517900246111
-2203984790066172371
-4339978613448223434
-2170364946162981788
-2057606079993932705
-576026137271301370
1993159148614861316
-4029774607248094803
361964682649290439
119528877132368275
930606781995342926
3844449833367513632
731674248426506570
2045865917021073847
1221113582698488482
4264376146228791317
4161686451121385755
4005364207513916014
-1466852411889300936
1533572579898111786
-3991543178822997725
-3898874936866721080
-1539266835567822235
2251613138173565460
-3320334585722954718
-3122607402271310971
-1022116574707189641
4066241320083730032
-4368119676450834343
3663322196162210332
1067693217469335407
4491967056623470353
-2471714979135002088
-3953774202282338830
-3246684115357198612
3249045969469249245
-2033831326009358733
4228614557229619194
3420775672570727227
-3251378260997160709
1479377633796526634
-3449831201444514840
-496257674450936495
-1762768335332542467
-2607421145507745280
-3433191610907452957
-2475933185430067948
-3691986819445538843
-4432666562205219943
-2483858753777083770
-2883087478293556196
1569484255024219612
-3913949337906746550
1400917827549722703
3253390966324273083
4062271064876123851
1236796084337566117
4276454938780911831
2379724198443690044
-303059817669489201
-863273460509440319
-3387658074480760841
-2679458219323172492
1572962668842669575
1112294024753108079
971602171951059430
-2309334741576239747
-1781719962797400189
-1219906689481635636
-604065496334678551
-958487638968571999
-1900726670479566581
-2042539547338528650
-1735739758623120389
1193748418148722388
757989037790190007
1914612063536647668
-3831432894664849022
-4233863849414123487
178368607453302271
-2802493652691941860
3887376276816992604
-4549099663437792213
-1658735317674665611
-1852969318611679765
4388506362169339481
-521970955048164785
-533872312937122866
-1322847034344623256
-3337288006120902788
-4348057793850667660
3849178097171039010
-2789823923072150311
-839737398903760964
-2124371208003127917
2237993387774316159
2606085863380941441
-2403694224442546401
-145597292917957262
-4102206338946921641
-267445827624573403
3554565045601783814
967384974105084906
-3893919811792165792
3089554361873017035
1525284080657383515
-1693251902485328032
